#Exudyn implicit second order time integration sensor output file
#measure Node number = 1
#OutputVariableType = AngularVelocity
#simulation started = 2024-11-13,13:18:17
#columns contain: time, comma separated sensor values (e.g, x,y,z position coordinates)
#number of sensor values = 3
#Exudyn version = 1.9.0; Python3.11.8; Windows AVX2 FLOAT64
#
0,0,0,0
0.005,-1.325974556e-23,1.789527612e-24,0.03074201222
0.01,-3.824696963e-23,5.161790288e-24,0.08867355777
0.015,-5.198520513e-23,7.015894922e-24,0.120524923
0.02,-5.081084554e-23,6.857404009e-24,0.117802233
0.025,-4.963957304e-23,6.699329729e-24,0.1150867003
0.03,-4.866460664e-23,6.567748832e-24,0.1128262923
0.035,-4.743887694e-23,6.402324951e-24,0.1099845051
0.04,-5.512338594e-23,7.439422037e-24,0.1278006276
0.045,-6.379946098e-23,8.610340205e-24,0.1479156439
0.05,-6.656330171e-23,8.983347252e-24,0.1543234475
0.055,-6.605808269e-23,8.915161154e-24,0.153152163
0.06,-6.930714044e-23,9.353655868e-24,0.1606848583
0.065,-7.348149105e-23,9.917017069e-24,0.1703629942
0.07,-7.971466793e-23,1.075824699e-23,0.1848141999
0.075,-8.266622858e-23,1.11565755e-23,0.1916574708
0.08,-7.907044439e-23,1.067132301e-23,0.183320236
0.085,-7.824980227e-23,1.056052008e-23,0.1814185356
0.09,-7.874542844e-23,1.062743703e-23,0.1825670688
0.095,-8.058848473e-23,1.08761805e-23,0.1868400996
0.1,-8.043752416e-23,1.085589167e-23,0.1864885087
0.105,-7.648237164e-23,1.032202582e-23,0.1773202984
0.11,-7.245407017e-23,9.778517785e-24,0.1679780902
0.115,-7.143066583e-23,9.64025683e-24,0.1656081925
0.12,-7.168746007e-23,9.674881828e-24,0.166203537
0.125,-7.172594588e-23,9.680117874e-24,0.1662927898
0.13,-6.90971743e-23,9.325285774e-24,0.1601980903
0.135,-6.626518894e-23,8.943152132e-24,0.153632326
0.14,-6.577116834e-23,8.876392339e-24,0.1524869124
0.145,-6.661058392e-23,8.989787686e-24,0.154433119
0.15,-6.868594704e-23,9.269743135e-24,0.1592446547
0.155,-6.78585334e-23,9.158150414e-24,0.1573263839
0.16,-6.729694298e-23,9.082358151e-24,0.1560243719
0.165,-6.731309946e-23,9.084539054e-24,0.1560618231
0.17,-6.886093532e-23,9.29343354e-24,0.1596504062
0.175,-7.14304476e-23,9.640410465e-24,0.1656078014
0.18,-7.173943943e-23,9.681914608e-24,0.1663240666
0.185,-7.171468159e-23,9.678574374e-24,0.1662666508
0.19,-7.132234735e-23,9.625623848e-24,0.1653570646
0.195,-7.233181789e-23,9.761863033e-24,0.1676974439
0.2,-7.375983014e-23,9.954112855e-24,0.1710079268
0.205,-6.272031705e-23,8.46469953e-24,0.1454137064
0.21,-3.773678645e-23,5.092936242e-24,0.08749072531
0.215,-2.046476251e-23,2.761913313e-24,0.0474464598
0.22,-1.87374768e-23,2.528799769e-24,0.04344184005
0.225,-1.939687168e-23,2.617791345e-24,0.04497061191
0.23,-2.094202081e-23,2.826323836e-24,0.04855295769
0.235,-2.068149553e-23,2.791163484e-24,0.04794894374
0.24,-8.829199903e-24,1.191584067e-24,0.02047002883
0.245,1.959843574e-24,-2.644994349e-25,-0.00454379274
0.25,4.582017325e-24,-6.183865923e-25,-0.01062316268
0.255,3.632830522e-24,-4.902850515e-25,-0.00842252385
0.26,5.468445763e-24,-7.380184972e-25,-0.01267829971
0.265,1.171642422e-23,-1.581242305e-24,-0.02716390433
0.27,2.043177319e-23,-2.757461092e-24,-0.04736997582
0.275,2.317667704e-23,-3.127911817e-24,-0.05373388888
0.28,1.789199216e-23,-2.41469362e-24,-0.04148162905
0.285,1.354215914e-23,-1.827642505e-24,-0.03139677333
0.29,1.355453787e-23,-1.829313131e-24,-0.03142547275
0.295,-5.174298511e-17,6.895635112e-21,-0.03619488215
0.3,1.613199843e-16,-1.701937018e-17,-0.03582475123
0.305,3.913850842e-16,-2.405543698e-16,-0.01947572038
0.31,-3.982924839e-15,1.2768332e-17,-0.001564529088
0.315,7.167124693e-15,-1.042893186e-16,0.007420587886
0.32,-2.287646501e-15,4.485637472e-17,0.008215267412
0.325,4.647467601e-15,-2.665693053e-17,0.007779516635
0.33,-1.18353769e-16,-5.606242911e-20,0.01873274708
0.335,8.526927793e-18,-6.449705431e-19,0.03095574638
0.34,-1.541572621e-17,-1.41816119e-19,0.03989419987
0.345,1.077703396e-17,5.3978782e-18,0.03391136199
0.35,-7.385030279e-18,4.237394049e-19,0.02380722644
0.355,6.065965533e-18,-4.703785806e-19,0.02279417089
0.36,3.412899055e-17,-1.072869562e-17,0.02503113498
0.365,7.260238471e-17,9.291614778e-18,0.02759834358
0.37,9.986138162e-16,3.837159462e-17,0.01678720369
0.375,-1.022457704e-15,4.464764767e-18,0.004198323208
0.38,-1.985353718e-16,-4.05074827e-19,-0.005289389848
0.385,-7.72104666e-16,1.271375518e-17,-0.005611278651
0.39,9.587395721e-16,-2.464300547e-17,-0.006201248942
0.395,7.733135126e-25,1.15496672e-19,-0.01153334019
0.4,8.915237605e-24,1.622224788e-19,-0.02066954842
0.405,1.233516663e-23,2.244524186e-19,-0.0285985693
0.41,1.103791913e-23,2.012184646e-19,-0.02563821935
0.415,8.865602921e-24,1.607600795e-19,-0.02048321322
0.42,6.742985538e-24,1.226758446e-19,-0.01563072374
0.425,8.078669788e-24,1.470211464e-19,-0.01873267658
0.43,8.091023842e-24,1.471990098e-19,-0.01875533902
0.435,6.003752607e-24,1.093174529e-19,-0.01392866656
0.44,2.48579297e-24,4.480154536e-20,-0.005708380606
0.445,-1.199878795e-24,-2.16472607e-20,0.002758181785
0.45,-1.441487407e-24,-2.614667722e-20,0.003331474572
0.455,-2.663710567e-24,-4.814831636e-20,0.006134809262
0.46,-3.007736269e-24,-5.483153443e-20,0.006986351802
0.465,-6.192339512e-24,-1.126366168e-19,0.01435157675
0.47,-8.220193799e-24,-1.496008285e-19,0.01906137068
0.475,-8.237313734e-24,-1.498163548e-19,0.01908882702
0.48,-7.057125268e-24,-1.284129573e-19,0.01636171708
0.485,-5.142664421e-24,-9.322575561e-20,0.01187827375
0.49,-5.805595826e-24,-1.056362932e-19,0.01345963192
0.495,-5.526369111e-24,-1.005589524e-19,0.0128127033
0.5,-4.654437954e-24,-8.46814642e-20,0.01078967556
0.505,-2.151903183e-24,-3.9193461e-20,0.004993829079
0.51,-1.49283974e-26,-2.512682642e-22,3.201512789e-05
0.515,1.071392147e-24,1.949578147e-20,-0.002484051986
0.52,1.833477874e-24,3.337303743e-20,-0.004252220498
0.525,2.323723835e-24,4.227450735e-20,-0.005386399743
0.53,1.975461858e-19,1.658345848e-19,-0.009686495396
0.535,-4.01016083e-19,2.635775835e-19,-0.01223072311
0.54,1.318945153e-19,2.675457038e-19,-0.01369784839
0.545,1.774172339e-19,7.025136031e-20,-0.01207412103
0.55,1.844018069e-20,1.601240166e-19,-0.01035330264
0.555,-1.73162013e-19,1.518391878e-19,-0.009389921391
0.56,-2.635324284e-19,-2.862186843e-19,-0.009059965707
0.565,7.649683667e-17,-1.880063695e-17,-0.00722174019
0.57,-5.774852354e-17,7.752248301e-18,-0.0040535642
0.575,1.464281075e-17,-6.863929809e-18,-0.001463538928
0.58,-4.202638325e-18,-2.136739074e-19,0.001383024132
0.585,2.124204596e-20,-5.332813866e-19,0.002629176321
0.59,-5.594961347e-17,-4.745202849e-17,0.004642364826
0.595,-9.679632137e-20,-6.586444129e-19,0.006617311845
0.6,-1.252353909e-20,-6.469299102e-19,0.008226129705
0.605,-1.748561648e-19,-9.522600046e-19,0.009042131758
0.61,-4.398729307e-18,-3.334811898e-18,0.008665648902
0.615,-3.414953469e-19,-5.925117789e-19,0.008043648708
0.62,-4.370099935e-19,-1.030609344e-18,0.007100485068
0.625,-3.033362523e-19,-5.023612395e-19,0.006401447666
0.63,-8.077563178e-20,-3.145986824e-19,0.004799159633
0.635,-1.467331071e-18,-1.215652039e-18,0.003109144126
0.64,-3.231233978e-19,1.738911591e-19,0.001345426527
0.645,6.919194929e-19,-8.399397752e-19,-0.0003928682146
0.65,-4.189846469e-18,-7.814651496e-18,-0.001732773696
0.655,-2.563319802e-18,1.390669265e-18,-0.003365828931
0.66,4.127145282e-20,5.290674202e-19,-0.004497871191
0.665,-1.768859214e-19,5.990785147e-19,-0.005700757548
0.67,-9.109364071e-19,-2.995875488e-19,-0.00594243559
0.675,4.671331687e-20,8.542988869e-19,-0.00621265715
0.68,5.073026953e-20,6.765603924e-19,-0.005713244093
0.685,4.543418519e-20,5.617024167e-19,-0.005281951839
0.69,-2.828509269e-19,4.624135535e-19,-0.004443300354
0.695,-1.623634753e-19,2.746421651e-19,-0.003420764206
0.7,-2.16486042e-18,-3.206455557e-18,-0.002296928326
0.705,-3.942640896e-19,4.185797253e-19,-0.001090259385
0.71,-6.202884073e-18,2.148866255e-18,8.7271487e-05
0.715,-6.4651837e-19,8.171075666e-19,0.001157180633
0.72,-2.719534108e-19,-7.627841686e-19,0.002297717782
0.725,3.533294167e-19,-1.980700921e-19,0.003033392553
0.73,-6.249391941e-20,-8.251439176e-19,0.003888152584
0.735,-3.156943729e-19,1.927200574e-19,0.004003835032
0.74,4.203547522e-20,-9.527893619e-19,0.00435940502
0.745,2.723621016e-19,-8.464133382e-19,0.0039213019
0.75,-2.065408957e-19,-5.612184806e-19,0.003801592677
0.755,-4.177866385e-18,1.615904255e-20,0.003019993691
0.76,-3.517028999e-19,-1.119404889e-19,0.002510590872
0.765,-2.288305737e-18,-1.441989335e-18,0.001588709747
0.77,-2.45110716e-18,-1.017222238e-18,0.0008665121996
0.775,-4.317995647e-18,5.700759378e-18,-3.102792902e-05
0.78,-2.008695429e-19,-1.348940591e-18,-0.0007548575505
0.785,3.019109634e-19,3.239110973e-19,-0.001545908658
0.79,-2.534405621e-19,3.099612103e-19,-0.002047579625
0.795,4.747319896e-19,-3.115362278e-19,-0.002619045207
0.8,3.171896393e-20,7.258040818e-19,-0.002714411047
0.805,1.381247238e-19,5.648988024e-19,-0.002995735432
0.81,-3.716915677e-19,2.133609743e-19,-0.002666089866
0.815,3.21642125e-20,4.423153169e-19,-0.002669996497
0.82,8.967191224e-18,9.225511778e-18,-0.002043432755
0.825,1.455029273e-19,9.210904655e-21,-0.001803973974
0.83,4.380152939e-18,4.362894202e-18,-0.001068389246
0.835,4.666384178e-19,1.975004574e-19,-0.0006557165912
0.84,3.208616034e-19,1.008597191e-18,2.301678617e-05
0.845,1.350755215e-20,-2.675132282e-19,0.0005071307021
0.85,6.118484162e-19,-2.275876043e-19,0.001013205374
0.855,1.716776009e-19,-3.635798018e-19,0.001427806467
0.86,-1.219861132e-19,-5.061790954e-19,0.001706082418
0.865,9.714050393e-19,1.860665342e-19,0.001904234382
0.87,6.148954e-19,-1.869639882e-20,0.001960919455
0.875,4.945840274e-19,-6.974788458e-19,0.001882397686
0.88,-1.594160236e-18,-8.609542758e-19,0.001763521335
0.885,-3.073162355e-19,-2.707661535e-19,0.001443965064
0.89,-3.439175352e-19,1.942212704e-18,0.001207240047
0.895,-9.770078609e-20,-1.491605441e-19,0.0007586460485
0.9,-2.466623991e-19,2.522067449e-19,0.0004352584099
0.905,-4.686611888e-20,-4.928745609e-20,1.17139203e-05
0.91,-5.756883786e-19,1.648686789e-19,-0.0003694007321
0.915,-1.132527081e-18,1.842323819e-19,-0.000640578394
0.92,3.756943041e-19,-6.952362017e-21,-0.001022748042
0.925,1.976185532e-19,2.26571524e-18,-0.001069123517
0.93,1.09988439e-19,-3.54633876e-20,-0.001385203384
0.935,1.773239295e-18,-7.70609746e-19,-0.001211515467
0.94,-2.339643657e-19,2.381009612e-19,-0.001395226421
0.945,-1.164893368e-18,-2.608223222e-19,-0.001075201043
0.95,-9.294209988e-19,-8.742972279e-19,-0.001098386501
0.955,1.286695847e-18,1.146090373e-18,-0.0007141071532
0.96,-1.511636928e-18,-8.004522606e-19,-0.0006077576571
0.965,8.748510638e-19,-6.792072735e-20,-0.000224195393
0.97,-3.625095653e-20,-4.961956777e-20,-6.326940018e-05
0.975,8.610598088e-19,6.60033145e-19,0.0002905604254
0.98,1.879250003e-19,4.464325101e-20,0.0003969234376
0.985,1.155501774e-18,4.267365481e-19,0.0007235238717
0.99,2.314131644e-19,-1.40791374e-19,0.0006843378426
0.995,-1.115933314e-19,6.202674657e-19,0.0009787819629
1,-2.614889046e-20,-4.965714542e-19,0.0007616212893
