#Exudyn implicit second order time integration sensor output file
#measure Node number = 3
#OutputVariableType = Rotation
#simulation started = 2024-11-13,13:18:17
#columns contain: time, comma separated sensor values (e.g, x,y,z position coordinates)
#number of sensor values = 3
#Exudyn version = 1.9.0; Python3.11.8; Windows AVX2 FLOAT64
#
0,8.61891296e-07,1.534260647e-06,-0.174232846
0.005,2.372718443e-06,1.191013197e-06,-0.1745398973
0.01,5.187683679e-06,7.944755569e-07,-0.17557264
0.015,2.660610566e-06,7.956710225e-07,-0.1772013678
0.02,-3.355429097e-06,1.479000769e-06,-0.1790086277
0.025,-1.336469915e-06,2.400014348e-06,-0.1803709979
0.03,5.4086962e-06,2.58041466e-06,-0.1810814962
0.035,6.221696539e-06,2.682879351e-06,-0.1818326211
0.04,2.253962517e-06,2.366799623e-06,-0.1829144732
0.045,-1.319866047e-06,1.954498343e-06,-0.1841174493
0.05,-2.917636715e-06,2.654639855e-06,-0.1850121944
0.055,1.954188339e-07,3.615161589e-06,-0.1853268862
0.06,6.181675825e-06,4.17110044e-06,-0.1855899074
0.065,4.787024261e-06,4.30699441e-06,-0.1861402419
0.07,-2.328031481e-06,3.545770521e-06,-0.1869134633
0.075,-3.646431177e-06,2.514354764e-06,-0.1875998662
0.08,-1.109534793e-06,2.232307847e-06,-0.1878969509
0.085,7.466740355e-07,2.337332673e-06,-0.1881586474
0.09,3.467303348e-06,2.569992427e-06,-0.188690344
0.095,2.818427915e-06,2.171265886e-06,-0.18951043
0.1,-1.765292596e-06,9.451395411e-07,-0.1903996632
0.105,-1.861713518e-06,-3.142574666e-07,-0.1910249151
0.11,1.74821241e-06,-1.394818431e-06,-0.1915922107
0.115,1.679689792e-06,-1.474646609e-06,-0.192340932
0.12,9.953436683e-07,-7.391491199e-07,-0.1933297691
0.125,2.375760162e-06,-5.250760432e-07,-0.194431091
0.13,1.765394153e-06,-3.984628437e-07,-0.1953092827
0.135,9.520020401e-07,-5.654232478e-07,-0.1960690586
0.14,2.060259857e-06,-9.422301633e-07,-0.196885188
0.145,1.053473651e-06,-1.941861874e-07,-0.1978517149
0.15,-1.475855827e-06,1.159038809e-06,-0.1989263866
0.155,6.11369201e-07,2.527003738e-06,-0.199814011
0.16,3.640624222e-06,3.703781472e-06,-0.2005553076
0.165,1.54245601e-06,3.979174104e-06,-0.2012703517
0.17,8.550579958e-08,3.802162044e-06,-0.2020776656
0.175,-5.651954535e-07,3.634841815e-06,-0.2030027311
0.18,-2.906677793e-06,3.785065267e-06,-0.2038124766
0.185,-7.705866194e-07,4.518644203e-06,-0.2045014174
0.19,3.406366343e-06,4.616992313e-06,-0.2051421018
0.195,2.521875327e-06,4.139687802e-06,-0.2058474814
0.2,-1.6058078e-07,3.148222084e-06,-0.2066893064
0.205,-2.204929374e-06,1.685231603e-06,-0.2071502855
0.21,-5.649563604e-06,1.108557559e-06,-0.2067306958
0.215,-2.744148167e-06,8.589986592e-07,-0.20559605
0.22,7.411666727e-06,-1.495053887e-07,-0.2043066914
0.225,7.511367375e-06,-8.53999666e-07,-0.2036984576
0.23,-2.63883422e-06,-1.414768241e-06,-0.2038654903
0.235,-5.362776458e-06,-2.609657231e-06,-0.20396084
0.24,-1.235049678e-06,-3.027633076e-06,-0.2035712153
0.245,1.396707984e-06,-2.696607792e-06,-0.2029490892
0.25,5.316971807e-06,-2.229606438e-06,-0.2028200887
0.255,4.782690183e-06,-1.609964566e-06,-0.2035022308
0.26,-3.954816109e-06,-9.578553315e-07,-0.204343037
0.265,-4.528562096e-06,-6.61992277e-07,-0.2047739262
0.27,3.566688528e-06,-3.84303534e-07,-0.2047811543
0.275,4.193594866e-06,6.246859195e-07,-0.204934997
0.28,9.494775575e-07,2.096558493e-06,-0.205693478
0.285,6.083872351e-07,3.30203342e-06,-0.2066553671
0.29,-1.536169507e-06,4.286418594e-06,-0.2072456652
0.295,-1.239917609e-06,4.958855585e-06,-0.207255119
0.3,4.954795975e-06,4.775736823e-06,-0.2070854355
0.305,4.416521837e-06,4.811666272e-06,-0.207296456
0.31,-3.307858235e-06,5.353573744e-06,-0.2077375043
0.315,-2.870364515e-06,5.409906099e-06,-0.2079425845
0.32,2.0781856e-06,5.223808362e-06,-0.2075930017
0.325,2.349287171e-06,4.869882382e-06,-0.2069278824
0.33,3.271809931e-06,3.68488076e-06,-0.2065283896
0.335,2.432925876e-06,2.299948787e-06,-0.2064572831
0.34,-3.898885797e-06,1.380266083e-06,-0.2063993792
0.345,-3.652684184e-06,6.539394323e-07,-0.205969137
0.35,4.465479896e-06,-1.152952148e-08,-0.2052502337
0.355,5.049005479e-06,-4.490249016e-07,-0.2047395393
0.36,6.254541955e-07,-9.740406204e-07,-0.2046283326
0.365,4.323583698e-07,-1.936580883e-06,-0.2047452412
0.37,-1.314422383e-06,-2.569972125e-06,-0.2046894371
0.375,-1.950047501e-06,-2.335956928e-06,-0.2043833128
0.38,3.804544952e-06,-1.894742808e-06,-0.204188411
0.385,4.92905721e-06,-1.051005767e-06,-0.2043470745
0.39,-1.085357735e-06,1.29555004e-07,-0.2047911157
0.395,-1.392576279e-06,5.428591147e-07,-0.2051664325
0.4,1.816093855e-06,7.735438122e-07,-0.2052648574
0.405,8.063751369e-08,1.605299527e-06,-0.2053114668
0.41,3.891988919e-07,2.48164888e-06,-0.2055547239
0.415,2.577674011e-06,3.471364471e-06,-0.2060224223
0.42,-1.034195527e-06,4.619899618e-06,-0.2064591375
0.425,-1.748000741e-06,5.019545575e-06,-0.2065970543
0.43,3.529203537e-06,4.705144802e-06,-0.2065592245
0.435,2.155257909e-06,4.219465208e-06,-0.2065604234
0.44,-2.24429489e-06,4.022149382e-06,-0.2067215091
0.445,8.378764317e-09,3.649592386e-06,-0.2068929579
0.45,1.112543514e-06,3.339304421e-06,-0.2068227771
0.455,3.45234005e-08,3.250081083e-06,-0.2065592747
0.46,3.463557693e-06,2.162888213e-06,-0.2062707125
0.465,3.667069998e-06,9.66620162e-07,-0.2061376905
0.47,-2.07339658e-06,1.81109493e-07,-0.2060919727
0.475,-1.675615323e-06,-5.766969077e-07,-0.2059365155
0.48,3.06372345e-06,-8.493438729e-07,-0.2056501401
0.485,1.843117415e-06,-4.812718244e-07,-0.205336078
0.49,1.414619989e-06,-3.443549786e-07,-0.2051804533
0.495,3.518172322e-06,-6.439831165e-07,-0.2051689501
0.5,-4.663090747e-07,-6.740697624e-07,-0.2051621432
0.505,-2.60145282e-06,-5.056452654e-07,-0.2050920214
0.51,2.196935125e-06,-7.790603883e-08,-0.2049948371
0.515,2.203484117e-06,9.503654669e-07,-0.2050079135
0.52,-9.095694453e-07,2.132190017e-06,-0.2051564615
0.525,1.555427748e-06,2.628286271e-06,-0.2053395071
0.53,1.768900293e-06,2.616128364e-06,-0.2054726738
0.535,-2.113051204e-06,2.858876009e-06,-0.2055522012
0.54,-1.69684805e-07,2.780656582e-06,-0.2056553291
0.545,2.166968985e-06,2.930752617e-06,-0.2058299873
0.55,-1.015703522e-06,3.663739063e-06,-0.2060170603
0.555,1.283102646e-07,3.627471416e-06,-0.2061480881
0.56,3.741446468e-06,3.092466369e-06,-0.2062041635
0.565,5.506682537e-07,2.477713995e-06,-0.2062268429
0.57,-1.459729384e-06,1.698385245e-06,-0.2062637666
0.575,1.978914269e-06,1.021946901e-06,-0.2062948779
0.58,9.454259014e-07,9.922193573e-07,-0.2062835013
0.585,-4.638986301e-07,1.185510132e-06,-0.2062119244
0.59,3.866356084e-06,9.261866133e-07,-0.2061100774
0.595,3.030983885e-06,5.194035725e-07,-0.2060154931
0.6,-1.429443417e-06,2.590651313e-07,-0.2059282143
0.605,5.769486183e-07,-1.155133327e-07,-0.2058352348
0.61,1.95792056e-06,-2.731601029e-08,-0.2057243231
0.615,-8.054635317e-07,9.082829399e-07,-0.2056147483
0.62,1.178591191e-06,1.524710653e-06,-0.205527998
0.625,3.731993989e-06,1.706928673e-06,-0.2054697329
0.63,-4.250792518e-07,2.01606024e-06,-0.2054316846
0.635,-1.535669904e-06,1.817649807e-06,-0.2054057386
0.64,1.662615769e-06,1.637910398e-06,-0.205397094
0.645,-4.752863664e-07,2.241387523e-06,-0.2054133762
0.65,-1.289692569e-06,2.727327896e-06,-0.2054551478
0.655,3.108248204e-06,2.885408464e-06,-0.2055125531
0.66,1.906243693e-06,2.701696389e-06,-0.2055778564
0.665,-1.688232979e-06,2.25565695e-06,-0.2056471114
0.67,1.029610283e-06,1.47880766e-06,-0.2057207633
0.675,1.348750836e-06,1.012401786e-06,-0.2057961275
0.68,-1.557235864e-06,1.317910215e-06,-0.2058659442
0.685,1.84887703e-06,1.352839344e-06,-0.2059256555
0.69,4.065478389e-06,1.174037052e-06,-0.2059709907
0.695,1.348312106e-07,1.115711914e-06,-0.2060035288
0.7,1.226612388e-07,5.497989356e-07,-0.2060217022
0.705,2.416489253e-06,5.197550077e-08,-0.2060250548
0.71,-4.691367879e-07,5.032095743e-07,-0.2060128872
0.715,-6.01413021e-07,1.087382841e-06,-0.2059862186
0.72,3.854843608e-06,1.523426844e-06,-0.2059493138
0.725,1.847778846e-06,2.04757041e-06,-0.2059039844
0.73,-1.136387081e-06,2.11001524e-06,-0.2058546009
0.735,1.655191807e-06,1.75450874e-06,-0.2058021058
0.74,4.790128734e-07,1.837933258e-06,-0.2057507707
0.745,-2.377862015e-06,2.314405515e-06,-0.2057029929
0.75,1.486346322e-06,2.750941605e-06,-0.2056616962
0.755,3.028171865e-06,2.897341772e-06,-0.205629192
0.76,-7.705887488e-07,2.968609692e-06,-0.2056057266
0.765,3.23978247e-07,2.322677801e-06,-0.2055932927
0.77,1.922801804e-06,1.394581242e-06,-0.2055909318
0.775,-1.669559199e-06,1.343284455e-06,-0.205599411
0.78,-6.136105076e-07,1.235324319e-06,-0.2056169113
0.785,3.625768209e-06,1.142387829e-06,-0.2056419533
0.79,1.457763985e-06,1.296609783e-06,-0.2056729951
0.795,-1.777411744e-07,8.991964827e-07,-0.2057070341
0.8,2.715310626e-06,1.266913033e-07,-0.2057433561
0.805,6.916305429e-07,-1.085247612e-07,-0.2057782125
0.81,-1.954021596e-06,1.267062452e-07,-0.2058112389
0.815,2.413548642e-06,5.280354543e-07,-0.20583929
0.82,3.100045282e-06,1.161600028e-06,-0.2058620258
0.825,-3.602487303e-07,1.756553969e-06,-0.2058780398
0.83,1.672679637e-06,1.694375435e-06,-0.2058866268
0.835,2.054249524e-06,1.494665991e-06,-0.2058883841
0.84,-2.111450779e-06,1.846969008e-06,-0.2058824927
0.845,-5.602048294e-07,2.316768043e-06,-0.2058710327
0.85,2.95925616e-06,2.707097041e-06,-0.2058537322
0.855,3.09760237e-07,3.415162408e-06,-0.2058329841
0.86,-1.738454118e-07,3.395904959e-06,-0.205809503
0.865,2.630658435e-06,2.598325761e-06,-0.2057849658
0.87,-4.632333157e-07,2.26617414e-06,-0.2057611745
0.875,-2.395985436e-06,1.886599941e-06,-0.2057386336
0.88,2.010523484e-06,1.658357327e-06,-0.205719695
0.885,2.068065395e-06,1.791970678e-06,-0.2057039621
0.89,-4.466194376e-07,1.729323669e-06,-0.2056933372
0.895,2.524070447e-06,1.063284262e-06,-0.2056872326
0.9,2.360845946e-06,2.527183914e-07,-0.2056862157
0.905,-1.989236006e-06,-7.765263525e-08,-0.2056901035
0.91,4.300624848e-07,-2.033732199e-07,-0.205697793
0.915,3.160753567e-06,-2.177398439e-09,-0.2057096753
0.92,2.707443845e-07,7.843004061e-07,-0.2057234482
0.925,1.208047453e-06,1.076703055e-06,-0.2057397018
0.93,3.496209076e-06,8.433179007e-07,-0.2057559557
0.935,-3.611547054e-07,1.012238983e-06,-0.2057724179
0.94,-1.859921055e-06,1.242824797e-06,-0.205787409
0.945,2.06105105e-06,1.556833926e-06,-0.2058003923
0.95,1.069216788e-06,2.526928778e-06,-0.20581101
0.955,-7.813011213e-07,3.263769416e-06,-0.2058181008
0.96,2.766544924e-06,3.16724378e-06,-0.2058224216
0.965,1.54993935e-06,2.988862776e-06,-0.2058228513
0.97,-2.60363987e-06,2.648204621e-06,-0.2058205055
0.975,1.705627881e-07,2.326755948e-06,-0.2058150578
0.98,1.951914434e-06,2.280767001e-06,-0.2058072157
0.985,-8.283471917e-07,2.576029775e-06,-0.2057978355
0.99,1.398470173e-06,2.41615196e-06,-0.2057868091
0.995,3.636822189e-06,1.576745503e-06,-0.2057759841
1,-6.657916539e-07,1.00993664e-06,-0.2057646202
